0 0.323017 0.16 0.9852 0 315.68
0 0.726787 -4.34 0.9898 0 295.39
0 1.1379 -0.66 0.8715 161.16 311.91
0 1.96746 11.31 0.29 411.17 370.47
0 3.50179 15.39 0.32 452.3 392.2
0 4.07441 12.55 0.37 260.46 376.97
0 2.14366 3.5 0.58 0 331.41
0 0.748811 2.37 0.44958 0 326.02
0 1.0498 -2.32 0.46958 0 304.37
0 1.55635 -5.53 0.46958 0 290.19
0 1.2627 -1.63 0.39958 160.98 307.49
0 1.32143 9.91 0.17958 411.14 363.23
0 2.84108 13.68 0.16958 452.3 382.98
0 3.25953 10.68 0.21958 260.35 367.2
0 1.90873 3.16 0.43958 0 329.78
0 0.646033 1.48 0.47958 0 321.83
0 0.499207 1.53 0.48958 0 322.06
0 1.15992 -1.65 0.47958 0 307.4
0 1.44623 3.63 0.37958 160.8 332.03
0 0.491866 9.72 0.22958 411.11 362.25
0 2.12897 12.44 0.17958 452.3 376.39
0 2.78969 10.19 0.26958 260.22 364.67
0 1.52699 5.76 0.44958 0 342.38
0 0.484525 4.31 0.51958 0 335.31
0 0.792859 -1.82 0.52958 0 306.63
0 1.16726 -1.01 0.52958 0 310.31
0 2.09961 1.3 0.49958 160.6 320.99
0 1.82064 7.59 0.46958 411.08 351.46
0 2.36389 11.59 0.53958 452.29 371.93
0 3.19346 8.17 0.57958 260.09 354.37
0 2.32719 3.67 0.59958 0 332.22
0 0.873613 0.16 0.58958 0 315.68
0 0.484525 -0.92 0.55958 0 310.72
0 0.653374 -2.47 0.53958 0 303.7
0 0.888296 0.42 0.44958 160.4 316.89
0 1.34346 8.93 0.16958 411.05 358.22
0 2.98056 12.56 0.20958 452.28 377.03
0 3.44306 9.19 0.27958 259.95 359.54
0 2.20973 3.25 0.43958 0 330.21
0 0.844248 1.16 0.45958 0 320.33
0 0.565279 -0.66 0.46958 0 311.91
0 0.579962 -3.61 0.46958 0 298.61
0 0.359723 1.32 0.35958 160.18 321.08
0 2.34187 8.77 0.15958 411.01 357.41
0 2.90715 11.06 0.19958 452.27 369.17
0.5 3.09802 5.67 0.33958 259.81 341.94
0.5 1.90139 1.25 0.44958 0 320.75
0.5 0.675398 0.01 0.48958 0 314.99
0.9 0.506549 -0.06 0.47958 0 314.67
1.4 1.06449 -1.03 0.46958 0 310.22
1.1 1.79127 0.08 0.42958 159.94 315.31
0.2 0.844248 5.56 0.41958 410.96 341.4
0.4 0.609327 10.77 0.39958 452.26 367.66
1.6 1.58572 7.9 0.53958 259.65 353.01
3.4 1.24802 6.29 0.57958 0 344.99
2.9 1.06449 4.66 0.55958 0 337
4.8 1.6004 2.39 0.56958 0 326.12
1 1.71052 1.57 0.53958 0 322.25
0 2.22441 3.57 0.47958 159.7 331.74
0 1.96746 11.08 0.32958 410.92 369.27
0.3 1.49762 12.97 0.36958 452.25 379.2
1.8 1.63711 8.29 0.54958 259.48 354.98
3.3 2.0629 6.79 0.59958 0 347.47
1.9 1.18929 4.92 0.60958 0 338.27
1.1 0.484525 -0.02 0.60958 0 314.85
2 0.469842 -0.84 0.58958 0 311.09
1.5 1.18929 -0.07 0.56958 159.45 314.62
0.6 0.57262 5.33 0.49958 410.86 340.27
0.8 2.11429 11.37 0.52958 452.23 370.78
1.1 2.98056 8.76 0.57958 259.31 357.36
1.1 2.43731 3.84 0.59958 0 333.04
0.8 1.40953 0.1 0.60958 0 315.41
1 0.45516 0.25 0.59958 0 316.1
0.9 0.300993 -1 0.56958 0 310.36
0.5 0.425795 -0.17 0.51958 159.18 314.16
0 1.08651 7.32 0.29958 410.8 350.11
0 2.4887 12.03 0.25958 452.2 374.24
0 3.12005 7.91 0.34958 259.12 353.06
0 2.21707 1.79 0.48958 0 323.29
0 0.594644 -0.35 0.48958 0 313.33
0 0.176191 1.74 0.46958 0 323.05
0 0.34504 -1.29 0.42958 0 309.03
0 0.308334 3.15 0.30958 158.9 329.73
0 1.33611 10.97 0.089579 410.74 368.7
0 3.17144 14.53 0.13958 452.18 387.54
0 3.93493 12.21 0.20958 258.93 375.18
0 2.56945 5.15 0.40958 0 339.39
0 0.778176 3.45 0.45958 0 331.17
0 0.264286 2.31 0.44958 0 325.74
0 0.381747 -1.06 0.45958 0 310.08
0 0.16885 3.16 0.33958 158.61 329.78
0 1.43155 10.63 0.12958 410.67 366.94
0 3.12005 13.69 0.14958 452.14 383.03