0 0.34504 2.67 0.9843 0 327.45
0.2 0.675398 0.1 0.9907 0 315.41
0 1.07183 2.2 0.8732 161.04 325.22
0 1.95278 9.05 0.29 411.12 358.83
0 3.50179 11.47 0.31 452.26 371.3
0 4.10378 9.85 0.36 260.37 362.92
0 2.1877 4.64 0.56 0 336.91
0 0.778176 3.96 0.44164 0 333.62
0 1.00576 2.04 0.46164 0 324.46
0 1.48294 0.08 0.46164 0 315.31
0 1.21131 2.42 0.40164 160.86 326.26
0 1.29941 9.51 0.18164 411.09 361.18
0 2.81171 11.87 0.16164 452.26 373.4
0 3.25953 10.04 0.22164 260.25 363.89
0 1.9381 5.42 0.43164 0 340.71
0 0.690081 4.35 0.47164 0 335.5
0 0.469842 2.62 0.48164 0 327.21
0 1.09385 -0.27 0.47164 0 313.7
0 1.42421 4.44 0.38164 160.68 335.94
0 0.521231 10.13 0.23164 411.06 364.36
0 2.04822 12.71 0.18164 452.26 377.82
0.2 2.74564 10.64 0.27164 260.13 366.99
0.2 1.54167 6.56 0.44164 0 346.32
0 0.499207 5.19 0.51164 0 339.58
0.8 0.770835 3.85 0.53164 0 333.09
1.3 1.21865 4.27 0.52164 0 335.12
1 2.151 5.51 0.50164 160.48 341.15
1.3 1.84266 9.05 0.48164 411.03 358.83
1.5 2.31985 11.42 0.54164 452.25 371.04
2 3.16409 9.51 0.58164 260 361.18
1.1 2.31985 6.93 0.59164 0 348.16
0.8 0.902978 4.94 0.59164 0 338.37
0.5 0.477184 3.55 0.56164 0 331.65
0.8 0.646033 2.66 0.54164 0 327.4
0.7 0.85893 4.26 0.45164 160.28 335.07
0 1.32877 9.22 0.17164 411 359.69
0 2.9512 11.37 0.21164 452.25 370.78
0.2 3.45775 9.42 0.27164 259.86 360.72
0 2.26112 5.96 0.43164 0 343.36
0 0.902978 4.7 0.45164 0 337.2
0 0.594644 2.86 0.47164 0 328.35
0 0.587303 1.26 0.46164 0 320.8
0 0.381747 3.83 0.35164 160.06 332.99
0 2.35655 7.96 0.16164 410.96 353.31
0 2.93651 9.21 0.20164 452.24 359.64
0.9 3.10536 6.27 0.33164 259.71 344.89
0.7 1.9381 3.83 0.44164 0 332.99
0.9 0.704763 3.11 0.48164 0 329.54
1.6 0.51389 2.54 0.47164 0 326.83
2.4 1.0498 1.88 0.46164 0 323.71
1.8 1.73988 2.64 0.42164 159.83 327.31
0.3 0.851589 6.29 0.41164 410.92 344.99
0.8 0.594644 9.61 0.40164 452.23 361.69
2.9 1.57104 7.81 0.54164 259.56 352.56
5.9 1.22599 6.74 0.57164 0 347.22
4.9 1.08651 5.66 0.56164 0 341.89
3.4 1.63711 4.78 0.56164 0 337.59
0.7 1.73988 4.31 0.54164 0 335.31
0 2.26846 5.42 0.48164 159.59 340.71
0 2.00417 9.75 0.33164 410.87 362.4
0.2 1.4756 10.84 0.37164 452.21 368.02
1.3 1.60774 8.21 0.54164 259.39 354.57
2.5 2.01151 7.33 0.59164 0 350.16
1.5 1.15992 6.28 0.60164 0 344.94
2 0.462501 5.79 0.60164 0 342.52
3.4 0.447818 5.44 0.59164 0 340.81
2.5 1.19663 5.72 0.57164 159.33 342.18
1.1 0.579962 8.05 0.50164 410.82 353.77
1.4 2.08492 10.61 0.52164 452.19 366.83
1.9 2.94386 9.53 0.57164 259.22 361.28
1.8 2.4006 7.43 0.60164 0 350.66
1.3 1.40953 5.86 0.61164 0 342.87
1.6 0.477184 5.07 0.60164 0 339
1.4 0.300993 4.4 0.56164 0 335.74
0.7 0.389088 4.8 0.52164 159.06 337.69
0 1.07917 8.68 0.29164 410.76 356.95
0 2.45933 11.17 0.25164 452.17 369.74
0 3.12005 9.06 0.33164 259.04 358.88
0 2.24643 5.86 0.48164 0 342.87
0 0.646033 4.69 0.48164 0 337.15
0 0.183532 3.06 0.47164 0 329.3
0 0.330358 0.99 0.43164 0 319.54
0 0.28631 4.01 0.31164 158.79 333.86
0 1.32143 9.6 0.091642 410.7 361.64
0 3.15675 12.19 0.14164 452.14 375.08
0 3.94227 10.58 0.20164 258.85 366.68
0 2.60616 5.53 0.40164 0 341.25
0 0.836907 4.28 0.45164 0 335.16
0 0.278969 2.25 0.45164 0 325.46
0 0.367064 -0.51 0.45164 0 312.6
0 0.176191 2.91 0.33164 158.5 328.59
0 1.43155 9.26 0.12164 410.63 359.9
0 3.12005 11.88 0.15164 452.11 373.45